GDLX, GDLY,GDLZ, GDRX, GDRY, GDRZ, PL, PR, HR, GSR, ConationLevel, PredictedConation
4.46965651309531E-07,4.95944466195669E-06,6.9960745844321E-07,1.45999367692989E-06,5.08835761129878E-07,4.64,4.74,30.67,0.00181802281508764,7,0
4.46965651309531E-07,4.95944466195669E-06,6.9960745844321E-07,1.45999367692989E-06,5.08835761129878E-07,4.64,4.74,30.67,0.00181802281508764,7,0
3.03484618852567E-07,4.90941464394588E-06,1.38693240685826E-07,8.72503503629492E-07,2.08748080423116E-07,5.3,5.74,30.67,0.00145409728682963,7,0
3.03484618852567E-07,4.90941464394588E-06,1.38693240685826E-07,8.72503503629492E-07,2.08748080423116E-07,5.3,5.74,30.67,0.00145409728682963,7,0
1.31739714012171E-06,4.75927952233643E-06,1.38693240685826E-07,8.72503503629492E-07,2.08748080423116E-07,5.42,5.74,30.67,0.00145409728682963,7,0
3.39386717441454E-06,3.66210472162304E-06,5.84998470012375E-07,1.0040184036864E-07,8.56791777583196E-09,5.42,5.92,30.67,0.00145409728682963,7,0
3.39386717441454E-06,3.66210472162304E-06,5.84998470012375E-07,1.0040184036864E-07,8.56791777583196E-09,5.42,5.92,30.67,0.00145409728682963,7,0
3.67151520895347E-09,4.16094532233955E-06,2.51463192995775E-08,7.0767347637685E-07,2.00167656534817E-07,5.22,6.29,30.67,0.0010879227924628,7,0
2.39237515524447E-06,3.83071131291307E-06,4.11697715171471E-08,6.26104215516996E-07,1.50120111366908E-07,5.54,6.22,30.67,0.0010879227924628,7,0
2.39237515524447E-06,3.83071131291307E-06,4.11697715171471E-08,6.26104215516996E-07,1.50120111366908E-07,5.54,6.22,30.67,0.0010879227924628,7,0
2.29218043586686E-06,3.99228151471443E-06,1.80738056401278E-07,3.61927445646976E-07,1.00072566198999E-07,5.58,5.94,30.67,0.0010879227924628,7,0
2.29218043586686E-06,3.99228151471443E-06,1.80738056401278E-07,3.61927445646976E-07,1.00072566198999E-07,5.58,5.94,30.67,0.0010879227924628,7,0
2.20305631718502E-07,4.74973273528055E-07,1.55145555077568E-07,2.91251331526816E-07,5.00575672043633E-08,5.93,6.15,30.67,0.00189839120687701,7,0
2.20305631718502E-07,4.74973273528055E-07,1.55145555077568E-07,2.91251331526816E-07,5.00575672043633E-08,5.93,6.15,30.67,0.00189839120687701,7,0
2.20305631718502E-07,4.74973273528055E-07,1.55145555077568E-07,2.91251331526816E-07,5.00575672043633E-08,5.93,6.15,30.67,0.00189839120687701,7,0
5.56023177555549E-07,7.47033332745284E-08,1.52634940055334E-07,2.70239600320133E-07,5.00575672043633E-08,5.93,6.16,30.67,-0.0066185755627916,7,0
5.56023177555549E-07,7.47033332745284E-08,1.47606271095615E-07,4.40264490522863E-08,1.00220364537528E-11,5.93,6.15,30.67,-0.0066185755627916,7,0
1.51604480754557E-06,3.73882325335472E-06,1.05109133902902E-07,2.0497286732778E-07,5.00125554464141E-08,5.77,5.89,30.67,-0.0066185755627916,7,0
1.51604480754557E-06,3.73882325335472E-06,1.05109133902902E-07,2.0497286732778E-07,5.00125554464141E-08,5.77,5.89,30.67,-0.0066185755627916,7,0
1.60813229065452E-06,3.82890883465696E-06,5.11914386949065E-10,9.13828653862776E-08,5.00125554464141E-08,5.78,5.91,30.67,-0.0066185755627916,7,0
2.15325735788694E-07,2.64898973035503E-07,8.8475979113029E-08,1.45717740337672E-07,5.00875486657103E-08,5.95,6.29,30.67,0.002262175572533,7,0
2.15325735788694E-07,2.64898973035503E-07,8.8475979113029E-08,1.45717740337672E-07,5.00875486657103E-08,5.95,6.29,30.67,0.002262175572533,7,0
2.13505254777927E-06,3.94304561175165E-06,3.48176240981951E-07,2.3929180237703E-07,5.00850455377766E-08,5.51,6.12,30.67,0.002262175572533,7,0
2.13505254777927E-06,3.94304561175165E-06,3.48176240981951E-07,2.3929180237703E-07,5.00850455377766E-08,5.51,6.12,30.67,0.002262175572533,7,0
2.43160464801874E-06,3.96687797882248E-06,4.67304484097049E-07,4.47763958283668E-07,1.00070050036427E-07,5.41,6.14,30.67,0.00226225086088297,7,0
8.35110391096283E-07,5.45183052278513E-08,3.46227264863661E-07,4.18259192604455E-07,9.98496645138285E-08,5.55,6.22,30.67,0.00226225086088297,7,0
8.35110391096283E-07,5.45183052278513E-08,3.46227264863661E-07,4.18259192604455E-07,9.98496645138285E-08,5.55,6.22,30.67,0.00226225086088297,7,0
2.72228034218014E-06,4.16136015542691E-06,3.44104978665542E-07,6.83885016161062E-07,1.49802209596E-07,5.11,5.72,30.67,0.00226225086088297,7,0
2.72228034218014E-06,4.16136015542691E-06,3.44104978665542E-07,6.83885016161062E-07,1.49802209596E-07,5.11,5.72,30.67,0.00226225086088297,7,0
2.72228034218014E-06,4.16136015542691E-06,3.44104978665542E-07,6.83885016161062E-07,1.49802209596E-07,5.11,5.72,30.67,0.00226225086088297,7,0
2.81623867447565E-06,3.584121740001E-06,1.30141677880925E-07,3.10880995923352E-07,4.5049554509961E-08,5.65,5.83,30.67,0.00226436330280713,7,0
2.81623867447565E-06,3.584121740001E-06,1.30141677880925E-07,3.10880995923352E-07,4.5049554509961E-08,5.65,5.83,30.67,0.00226436330280713,7,0
3.51128233351679E-06,3.5423024966228E-06,4.0506427055042E-08,5.95280872766839E-08,4.98321606396113E-09,5.05,5.94,30.67,-0.00661830606794674,7,0
3.51128233351679E-06,3.5423024966228E-06,4.0506427055042E-08,5.95280872766839E-08,4.98321606396113E-09,5.05,5.94,30.67,-0.00661830606794674,7,0
3.51128233351679E-06,3.5423024966228E-06,1.09829819530287E-08,3.30135042560225E-08,4.98321606396113E-09,5.05,5.95,30.67,-0.00661830606794674,7,0
1.75414019112423E-06,4.58798218842247E-06,5.46553750352364E-08,2.5588341292512E-06,2.84494005598625E-07,4.85,4.36,30.67,0.014629283470936,7,0
9.20717464521327E-07,4.77561114852282E-06,1.87186048742716E-07,3.20909753783207E-06,6.46289106994344E-08,4.51,4.8,30.67,0.014629283470936,7,0
9.20717464521327E-07,4.77561114852282E-06,1.87186048742716E-07,3.20909753783207E-06,6.46289106994344E-08,4.51,4.8,30.67,0.014629283470936,7,0
2.72811647673377E-06,3.82712879279004E-06,2.1430071381788E-07,3.04711137496816E-07,4.9965024482862E-08,5.46,6.35,30.67,-0.00319998943078847,7,0
2.72811647673377E-06,3.82712879279004E-06,2.0278927760323E-07,3.14223050828391E-07,4.9965024482862E-08,5.46,6.33,30.67,-0.00684184014129524,7,0
2.72811647673377E-06,3.82712879279004E-06,2.0278927760323E-07,3.14223050828391E-07,4.9965024482862E-08,5.46,6.33,30.67,-0.00684184014129524,7,0
2.38531023946749E-06,3.94721685884112E-06,2.5630722931612E-07,3.17244769241144E-07,4.9965024482862E-08,5.61,6.32,30.67,-0.00684184014129524,7,0
2.38531023946749E-06,3.94721685884112E-06,2.5630722931612E-07,3.17244769241144E-07,4.9965024482862E-08,5.61,6.32,30.67,-0.00684184014129524,7,0
2.2815929164336E-06,9.20610591816192E-07,8.06929549251647E-08,5.2487810444521E-07,4.9965024482862E-08,5.58,6.03,30.67,-0.00684184014129524,7,0
1.40227540312422E-06,8.60035845286449E-07,9.16143461923614E-08,1.08642329652904E-06,2.93796952837864E-07,4.8,4.9,30.67,0.00253175333091355,7,0
3.80564184674688E-07,6.44948517531806E-07,4.34161196967236E-07,6.52871870949278E-07,2.43816944841062E-07,4.94,5.13,30.67,-0.0022668368263734,7,0
3.80564184674688E-07,6.44948517531806E-07,4.34161196967236E-07,6.52871870949278E-07,2.43816944841062E-07,4.94,5.13,30.67,-0.0022668368263734,7,0
3.80564184674688E-07,6.44948517531806E-07,4.34161196967236E-07,6.52871870949278E-07,2.43816944841062E-07,4.94,5.13,30.67,-0.0022668368263734,7,0
1.86962177306384E-06,4.35261156694016E-06,3.73356511282919E-07,5.87322326787932E-07,8.55000771638183E-09,5.79,6.52,30.67,0.00226091844123861,7,0
1.86962177306384E-06,4.35261156694016E-06,3.73356511282919E-07,5.87322326787932E-07,8.55000771638183E-09,5.79,6.52,30.67,0.00226091844123861,7,0
3.16597647815763E-08,4.50279178319968E-06,1.00136681651322E-06,1.58935692331596E-06,5.00325211387402E-07,6.07,6.37,30.67,-0.00750652331502784,7,0
3.16597647815763E-08,4.50279178319968E-06,1.00136681651322E-06,1.58935692331596E-06,5.00325211387402E-07,6.07,6.37,30.67,-0.00750652331502784,7,0
3.34578289954002E-07,4.75295438889338E-06,1.64098105433194E-06,1.99375806542563E-06,2.50087485547854E-07,5.97,6.69,30.67,-0.00750652331502784,7,0
3.04183924407265E-08,4.50230391023836E-06,6.11498488675933E-07,8.56764785089447E-07,1.950641031833E-09,5.78,6.52,30.67,0.00225625735703515,7,0
3.04183924407265E-08,4.50230391023836E-06,6.11498488675933E-07,8.56764785089447E-07,1.950641031833E-09,5.78,6.52,30.67,0.00225625735703515,7,0
3.25067174218673E-06,1.39860958045627E-06,1.72519907579608E-07,4.79251811667183E-07,7.51738771507208E-07,5.78,6.55,30.67,0.00225625735703515,7,0
2.28979125160938E-06,1.34902455880999E-06,8.9981722450731E-08,3.12948917993484E-06,3.50102552528571E-06,5.71,6.6,30.67,0.00225625735703515,7,0
2.28979125160938E-06,1.34902455880999E-06,8.9981722450731E-08,3.12948917993484E-06,3.50102552528571E-06,5.71,6.6,30.67,0.00225625735703515,7,0
2.28979125160938E-06,1.34902455880999E-06,8.9981722450731E-08,3.12948917993484E-06,3.50102552528571E-06,5.71,6.6,30.67,0.00225625735703515,7,0
1.01089210284184E-06,1.48486488601756E-07,1.56021346224996E-07,3.18552280010694E-06,3.50102552528571E-06,5.86,6.63,30.67,0.00189779455503905,7,0
1.01089210284184E-06,1.48486488601756E-07,1.56021346224996E-07,3.18552280010694E-06,3.50102552528571E-06,5.86,6.63,30.67,0.00189779455503905,7,0
1.01089210284184E-06,1.48486488601756E-07,1.91556881760531E-07,3.18902630361044E-06,3.50102552528571E-06,5.86,6.67,30.67,0.00189779455503905,7,0
6.66004581964994E-07,1.50982315670891E-07,2.18578499054366E-07,3.20503911385864E-06,3.50102552528571E-06,5.91,6.69,30.67,0.00189779455503905,7,0
6.66004581964994E-07,1.50982315670891E-07,2.18578499054366E-07,3.20503911385864E-06,3.50102552528571E-06,5.91,6.69,30.67,0.00189779455503905,7,0
5.66435631385438E-07,2.51062383731748E-07,3.99704391807235E-07,3.50340508909887E-07,5.51405933589619E-07,5.95,6.73,30.67,0.00189779455503905,7,0
3.75814404118037E-07,5.07521528992095E-08,2.98524222863122E-07,3.27684340338597E-06,3.50285103622869E-06,5.96,6.77,30.67,-0.00225426412620817,7,0
3.75814404118037E-07,5.07521528992095E-08,2.98524222863122E-07,3.27684340338597E-06,3.50285103622869E-06,5.96,6.77,30.67,-0.00225426412620817,7,0
8.85365024113641E-07,4.69804956921087E-06,9.99630773048925E-07,1.11596070717868E-06,1.29438246428328E-06,4.88,5.37,30.67,0.00224177505743747,7,0
8.85365024113641E-07,4.69804956921087E-06,9.99630773048925E-07,1.11596070717868E-06,1.29438246428328E-06,4.88,5.37,30.67,0.00224177505743747,7,0
1.20564536309494E-06,4.61438366448126E-06,6.94628766585088E-07,1.37217942595191E-06,6.99810838587307E-08,5.75,6.9,30.67,0.00161711611621249,7,0
1.10922099364587E-06,4.4679041376895E-06,1.48566802011033E-07,3.5719268526834E-07,5.00325211387402E-08,6.01,6.62,30.67,-0.00522379766271558,7,0
1.10922099364587E-06,4.4679041376895E-06,1.48566802011033E-07,3.5719268526834E-07,5.00325211387402E-08,6.01,6.62,30.67,-0.00522379766271558,7,0
6.08825247971586E-07,4.05253030123669E-06,5.51476543468912E-07,1.91748701213524E-06,7.00542931726561E-07,5.57,4.72,30.67,0.01609947876954,7,0
6.08825247971586E-07,4.05253030123669E-06,5.51476543468912E-07,1.91748701213524E-06,7.00542931726561E-07,5.57,4.72,30.67,0.01609947876954,7,0
1.59446591440477E-06,4.55285551262409E-06,5.51476543468912E-07,1.91748701213524E-06,7.00542931726561E-07,5.44,4.72,30.67,0.01609947876954,7,0
1.28079818206303E-06,4.80351986023361E-06,3.97447934314265E-07,1.65045066171859E-06,5.00625225898427E-07,5.52,5.26,30.67,0.01609947876954,7,0
1.28079818206303E-06,4.80351986023361E-06,3.97447934314265E-07,1.65045066171859E-06,5.00625225898427E-07,5.52,5.26,30.67,0.01609947876954,7,0
1.3527286719838E-08,8.70118466897541E-08,4.07888753069491E-07,7.58307361267108E-07,2.50427558372189E-07,5.81,5.9,30.67,-0.00477548093477216,7,0
1.3527286719838E-08,8.70118466897541E-08,4.07888753069491E-07,7.58307361267108E-07,2.50427558372189E-07,5.81,5.9,30.67,-0.00477548093477216,7,0
2.3415004772015E-06,1.66984752956851E-07,5.40769270493091E-08,6.20386330061993E-07,1.99957774417514E-07,5.85,6.03,30.67,-0.00477548093477216,7,0
2.3415004772015E-06,1.66984752956851E-07,5.40769270493091E-08,6.20386330061993E-07,1.99957774417514E-07,5.85,6.03,30.67,-0.00477548093477216,7,0
3.67486210588989E-08,4.63025011642949E-06,1.86674510271144E-07,4.29169242078005E-07,8.25206850475093E-11,6.02,6.7,30.67,-0.00102536839718852,7,0
3.67486210588989E-08,4.63025011642949E-06,1.86674510271144E-07,4.29169242078005E-07,8.25206850475093E-11,6.02,6.7,30.67,-0.00102536839718852,7,0
2.69814241799946E-06,4.11045100655201E-06,2.29963727167388E-07,2.42164327491342E-06,9.01086368710753E-07,4.97,5.55,30.67,-0.0069087471577939,7,0
3.02892768565634E-06,2.90739769382867E-07,1.67986908639665E-07,1.85010375797486E-06,7.51003823310783E-07,5.82,5.81,30.67,-0.0069087471577939,7,0
3.02892768565634E-06,2.90739769382867E-07,1.67986908639665E-07,1.85010375797486E-06,7.51003823310783E-07,5.82,5.81,30.67,-0.0069087471577939,7,0
2.24617420134291E-06,9.56275793696943E-07,2.54379295060426E-07,2.21537251992694E-06,4.45397380108303E-06,6.03,6.05,30.67,-0.0069087471577939,7,0
2.24617420134291E-06,9.56275793696943E-07,2.54379295060426E-07,2.21537251992694E-06,4.45397380108303E-06,6.03,6.05,30.67,-0.0069087471577939,7,0
2.24617420134291E-06,9.56275793696943E-07,2.54379295060426E-07,2.21537251992694E-06,4.45397380108303E-06,6.03,6.05,30.67,-0.0069087471577939,7,0
4.18718718718719E-06,2.67767767767768E-06,2.48180241404353E-07,5.50478424264456E-08,1.00087579700104E-08,5.46,6.49,-11.79,-0.00668917167379395,7,0
4.18718718718719E-06,2.67767767767768E-06,2.48180241404353E-07,5.50478424264456E-08,1.00087579700104E-08,5.46,6.49,-11.79,-0.00668917167379395,7,0
4.18718718718719E-06,2.67767767767768E-06,2.20146752883245E-07,1.65141274194797E-07,2.50220200938945E-08,5.46,6.51,-11.79,-0.00668917167379395,7,0
4.18718718718719E-06,2.67767767767768E-06,2.20146752883245E-07,1.65141274194797E-07,2.50220200938945E-08,5.46,6.51,-11.79,-0.00668917167379395,7,0
3.19551089685477E-06,3.3453947400803E-06,2.08926926653883E-06,1.72175638643074E-07,4.50268593574354E-06,5.48,6.39,-11.79,-0.00671745675384123,7,0
3.19551089685477E-06,3.3453947400803E-06,2.08926926653883E-06,1.72175638643074E-07,4.50268593574354E-06,5.48,6.39,-11.79,-0.00671745675384123,7,0
3.71404272349792E-06,3.08669768372605E-06,3.21264315521857E-07,1.16106017775816E-07,1.50135132387736E-07,5.64,5.93,-11.79,0.00123139102601258,7,0
3.71404272349792E-06,3.08669768372605E-06,3.21264315521857E-07,1.16106017775816E-07,1.50135132387736E-07,5.64,5.93,-11.79,0.00123139102601258,7,0
3.71404272349792E-06,3.08669768372605E-06,3.21264315521857E-07,1.16106017775816E-07,1.50135132387736E-07,5.64,5.93,-11.79,0.00123139102601258,7,0
3.98286782578927E-06,2.88319143803299E-06,8.39751052566055E-08,3.27256523235254E-07,5.4992342087213E-12,5.51,5.88,-11.79,0.00136473081186505,7,0
4.0163343592558E-06,2.82824638308794E-06,8.39751052566055E-08,3.27256523235254E-07,5.4992342087213E-12,5.51,5.88,-11.79,0.00136473081186505,7,0
4.02274335129944E-06,2.8185179923754E-06,1.60037649984116E-07,1.99722109372301E-07,2.00042608113259E-08,5.54,5.87,-11.79,0.00136473081186505,7,0
4.02274335129944E-06,2.8185179923754E-06,1.60037649984116E-07,1.99722109372301E-07,2.00042608113259E-08,5.54,5.87,-11.79,0.00136473081186505,7,0
4.02274335129944E-06,2.8185179923754E-06,1.5954383648895E-07,2.182306358849E-07,2.0006765317565E-08,5.54,5.86,-11.79,0.00136473081186505,7,0
4.02274335129944E-06,2.8185179923754E-06,1.5954383648895E-07,2.182306358849E-07,2.0006765317565E-08,5.54,5.86,-11.79,0.00136473081186505,7,0
4.02274335129944E-06,2.8185179923754E-06,1.5954383648895E-07,2.182306358849E-07,2.0006765317565E-08,5.54,5.86,-11.79,0.00136473081186505,7,0
2.35744680851064E-06,4.39549436795995E-06,1.35264567358367E-07,1.37334329822715E-06,2.49895305249939E-08,4.82,4.64,-11.79,0.00136473081186505,7,0
2.35744680851064E-06,4.39549436795995E-06,1.35264567358367E-07,1.37334329822715E-06,2.49895305249939E-08,4.82,4.64,-11.79,0.00136473081186505,7,0
3.11018244588703E-06,3.88959825371839E-06,1.11525247204366E-07,1.2044724988559E-06,3.38789589657962E-08,5.07,4.65,-11.79,0.00136473081186505,7,0
3.11018244588703E-06,3.88959825371839E-06,1.11525247204366E-07,1.2044724988559E-06,3.38789589657962E-08,5.07,4.65,-11.79,0.00136473081186505,7,0
2.06085476929236E-06,4.5090581523371E-06,2.01153699098747E-07,6.05865705778194E-07,1.05067311087406E-07,5.58,6.08,-11.79,0.00136473081186505,7,0
2.06085476929236E-06,4.5090581523371E-06,2.01153699098747E-07,6.05865705778194E-07,1.05067311087406E-07,5.58,6.08,-11.79,0.00136473081186505,7,0
1.09217669464011E-06,4.83928931415037E-06,3.54215205878695E-07,2.14815012827488E-06,5.10496822303262E-08,5.92,6.32,-11.79,0.00136473081186505,7,0
1.09217669464011E-06,4.83928931415037E-06,3.54215205878695E-07,2.14815012827488E-06,5.10496822303262E-08,5.92,6.32,-11.79,0.00136473081186505,7,0
6.83756267081168E-07,4.92427509636345E-06,3.54215205878695E-07,2.14815012827488E-06,5.10496822303262E-08,6.13,6.32,-11.79,0.00136473081186505,7,0
6.83756267081168E-07,4.92427509636345E-06,3.54215205878695E-07,2.14815012827488E-06,5.10496822303262E-08,6.13,6.32,-11.79,0.00136473081186505,7,0
6.83756267081168E-07,4.92427509636345E-06,4.32274951769086E-07,2.42035307940726E-06,1.01087210376436E-07,6.13,6.35,-11.79,0.00136473081186505,7,0
7.13774377451508E-07,4.92427684925458E-06,5.02848015360948E-07,2.50346207616452E-06,1.56133014035918E-07,6.18,6.37,-11.79,0.00136473081186505,7,0
7.13774377451508E-07,4.92427684925458E-06,5.02848015360948E-07,2.50346207616452E-06,1.56133014035918E-07,6.18,6.37,-11.79,0.00136473081186505,7,0
7.13774377451508E-07,4.92427684925458E-06,5.02848015360948E-07,2.50346207616452E-06,1.56133014035918E-07,6.18,6.37,-11.79,0.00136473081186505,7,0
7.30293598158031E-07,4.91927184424958E-06,4.18240781577431E-07,2.5089402813094E-06,1.66152542298365E-07,6.2,6.36,-11.79,0.00136473081186505,7,0
7.30293598158031E-07,4.91927184424958E-06,4.18240781577431E-07,2.5089402813094E-06,1.66152542298365E-07,6.2,6.36,-11.79,0.00136473081186505,7,0
7.2578931909292E-07,4.91927184424958E-06,2.24120806264081E-07,1.91958596805582E-06,2.66212578319978E-07,6.2,6.35,-11.79,0.00136473081186505,7,0
7.2578931909292E-07,4.91927184424958E-06,2.24120806264081E-07,1.91958596805582E-06,2.66212578319978E-07,6.2,6.35,-11.79,0.00136473081186505,7,0
1.32057486907717E-06,4.05216939801345E-07,2.9722928919207E-07,1.58719618189519E-06,4.69727387300568E-06,6.21,6.36,-11.79,0.00136473081186505,7,0
1.32057486907717E-06,4.05216939801345E-07,2.9722928919207E-07,1.58719618189519E-06,4.69727387300568E-06,6.21,6.36,-11.79,0.00136473081186505,7,0
3.52744009205063E-06,3.53194256841263E-06,2.43821864321899E-07,2.29177897875438E-07,1.50375241558482E-08,5.14,5.95,-11.79,0.00136473081186505,7,0
3.52744009205063E-06,3.53194256841263E-06,1.72242257311728E-07,1.43094718084212E-07,2.00402756691805E-08,5.14,5.98,-11.79,0.00136473081186505,7,0
3.8210120626658E-06,3.0231743330497E-06,2.82136635525457E-07,1.92737065008194E-07,5.50538310970915E-08,5.38,5.25,-11.79,0.00136473081186505,7,0
3.42139170200842E-06,3.57764758346181E-06,1.65182008260614E-07,1.54215333158706E-07,3.00590594651433E-08,5.32,5.34,-11.79,0.00136473081186505,7,0
2.43793793793794E-06,4.3043043043043E-06,5.87031765027163E-07,6.99554887727217E-07,4.35297435831091E-07,4.98,4.89,-11.79,0.00136473081186505,7,0
2.54801499187569E-06,4.29429729940087E-06,5.5400516812252E-07,6.65015797342488E-07,2.01111811111281E-08,4.83,4.92,-11.79,0.00136473081186505,7,0
2.97139603481434E-06,4.00403606428927E-06,3.35376324629293E-07,2.71771952371314E-07,5.51364504144854E-08,4.47,5.31,-11.79,0.00136473081186505,7,0
3.71584425983385E-06,3.30297267540787E-06,3.15362786324535E-08,3.22296783064322E-07,7.5078872372588E-08,4.57,5.91,-11.79,0.00136473081186505,7,0
3.71584425983385E-06,3.30297267540787E-06,3.15362786324535E-08,3.22296783064322E-07,7.5078872372588E-08,4.57,5.91,-11.79,0.00136473081186505,7,0
3.71584425983385E-06,3.30297267540787E-06,3.15362786324535E-08,3.22296783064322E-07,7.5078872372588E-08,4.57,5.91,-11.79,0.00136473081186505,7,0
3.0085507278979E-06,3.9457645792617E-06,2.93337551831031E-07,1.63939410417665E-06,6.50843466929433E-08,4.86,4.28,-11.79,0.00136473081186505,7,0
3.0085507278979E-06,3.9457645792617E-06,2.93337551831031E-07,1.63939410417665E-06,6.50843466929433E-08,4.86,4.28,-11.79,0.00136473081186505,7,0
3.1728314730467E-06,3.86405726012313E-06,9.62871567665108E-08,4.55614630493817E-07,9.48990537686297E-08,5.23,5.7,-11.79,0.00136473081186505,7,0
3.1728314730467E-06,3.86405726012313E-06,3.02018384441996E-07,9.55146343475492E-07,1.49958867874286E-07,5.23,5.21,-11.79,0.00136473081186505,7,0
1.92158072259643E-06,4.54946850687118E-06,4.33031006530918E-07,1.39050127402893E-06,1.31438096317848E-07,4.67,4.83,-11.79,0.00136473081186505,7,0
2.33143277767776E-06,4.39433288761581E-06,4.24530937068851E-07,1.3659854892871E-06,1.36442850834639E-07,4.6,4.74,-11.79,0.00136473081186505,7,0
2.42894893394519E-06,4.31949436321158E-06,2.09181294560626E-07,1.25806901099083E-06,1.05080329177711E-07,5.6,6.17,5.17,-0.00678278633124506,7,0
2.42894893394519E-06,4.31949436321158E-06,2.09181294560626E-07,1.25806901099083E-06,1.05080329177711E-07,5.6,6.17,5.17,-0.00678278633124506,7,0
2.42894893394519E-06,4.31949436321158E-06,1.29602912927928E-07,1.20315771011767E-06,9.00670670538272E-08,5.6,6.38,5.17,-0.00678278633124506,7,0
2.42894893394519E-06,4.31949436321158E-06,1.29602912927928E-07,1.20315771011767E-06,9.00670670538272E-08,5.6,6.38,5.17,-0.00678278633124506,7,0
2.51303301802927E-06,4.26944431316153E-06,1.29602912927928E-07,1.20315771011767E-06,9.00670670538272E-08,5.67,6.38,5.17,-0.00676769929370604,7,0
2.43348130941867E-06,4.30446707795864E-06,1.926585372581E-07,1.29170838686449E-06,2.5021033754142E-08,5.67,6.22,5.17,-0.00676769929370604,7,0
2.43348130941867E-06,4.30446707795864E-06,1.97642341294981E-07,1.41632413780324E-06,2.00255297077838E-08,5.67,6.11,5.17,-0.00676769929370604,7,0
2.44948796036375E-06,4.30447458959729E-06,1.97642341294981E-07,1.41632413780324E-06,2.00255297077838E-08,5.68,6.11,5.17,-0.00676769929370604,7,0
2.45999952308274E-06,4.29946908354063E-06,4.0538571862471E-08,1.50387967224865E-06,7.0058050846524E-08,5.68,6.13,5.17,-0.00676769929370604,7,0
2.45999952308274E-06,4.29946908354063E-06,2.24222254583401E-07,1.1264967865922E-06,3.00420492535762E-08,5.68,6.16,5.17,-0.00676769929370604,7,0
2.5320430823534E-06,4.27945507373376E-06,2.24222254583401E-07,1.1264967865922E-06,3.00420492535762E-08,5.69,6.16,5.17,-0.00676769929370604,7,0
2.5320430823534E-06,4.27945507373376E-06,1.84703140586394E-07,6.71204646738806E-07,6.00600600600601E-08,5.69,6.14,5.17,-0.00676769929370604,7,0
3.99029320524367E-06,2.95206644651256E-06,5.34368087676139E-07,4.13535154221048E-07,5.86409375555506E-08,5.55,5.71,2.79,0.001609976523316,7,0
3.99029320524367E-06,2.95206644651256E-06,5.34368087676139E-07,4.13535154221048E-07,5.86409375555506E-08,5.55,5.71,2.79,0.001609976523316,7,0
3.21176647155936E-06,3.80209115013257E-06,2.85686579833062E-07,7.39948095839362E-07,4.50210179835509E-08,4.82,5.81,5.77,-0.00681299354074437,7,0
3.23244067337052E-06,3.68700223679049E-06,3.27736139831792E-07,9.9526574192133E-07,4.50210179835509E-08,5.29,5.87,5.77,-0.00681299354074437,7,0
3.23244067337052E-06,3.68700223679049E-06,3.62710521396171E-07,1.05271116876583E-06,6.37274095960729E-11,5.29,5.94,5.77,-0.00681299354074437,7,0
3.23244067337052E-06,3.68700223679049E-06,3.62710521396171E-07,1.05271116876583E-06,6.37274095960729E-11,5.29,5.94,5.77,-0.00681299354074437,7,0
3.10436623110756E-06,3.73200321134919E-06,3.54191796547648E-07,1.13529335070763E-06,4.93927439148458E-09,5.53,5.89,5.77,-0.00681299354074437,7,0
3.55734586178436E-06,3.32098665141393E-06,1.93200901443793E-07,8.63225432289787E-07,5.00475451679096E-08,5.87,6.26,6.17,-0.00678598398327598,7,0
1.78382663725418E-07,1.4341459651975E-07,1.12553251740555E-07,1.67642009384332E-07,2.0032039243567E-11,5.86,5.96,6.17,-0.00680051153771555,7,0
1.78382663725418E-07,1.4341459651975E-07,1.12553251740555E-07,1.67642009384332E-07,2.0032039243567E-11,5.86,5.96,6.17,-0.00680051153771555,7,0
2.89728857385888E-06,4.04689237456695E-06,6.80344225699676E-08,1.68057195832431E-06,6.51517532613675E-08,5.91,6.43,6.71,-0.00661829889669822,7,0
2.88302969198196E-06,4.05662435185211E-06,5.40522392945387E-08,1.64504694066179E-06,6.51517532613675E-08,5.89,6.48,6.71,-0.00661829889669822,7,0
2.88302969198196E-06,4.05662435185211E-06,1.14895239719612E-08,1.60253522535758E-06,6.01487514602868E-08,5.89,6.52,6.71,-0.00661829889669822,7,0
2.88302969198196E-06,4.05662435185211E-06,1.14895239719612E-08,1.60253522535758E-06,6.01487514602868E-08,5.89,6.52,6.71,-0.00661829889669822,7,0
2.87602548946045E-06,4.06162735365319E-06,1.02097637823791E-07,1.16499593212426E-06,9.85176461965462E-09,5.89,6.44,6.71,-0.00661829889669822,7,0
4.73089674972014E-07,4.29183185016491E-07,1.02097637823791E-07,1.16499593212426E-06,9.85176461965462E-09,5.86,6.44,6.71,-0.00661829889669822,7,0
4.73089674972014E-07,4.29183185016491E-07,4.30464030151058E-08,5.6492256027461E-07,1.57744413927258E-10,5.86,6.42,6.71,0.00226366145244204,7,0
2.13235199384209E-08,7.39735625711851E-08,2.06173707354268E-07,3.36824062619388E-07,4.00380361343276E-07,5.85,6.14,6.71,0.00226366145244204,7,0
2.13235199384209E-08,7.39735625711851E-08,2.06173707354268E-07,3.36824062619388E-07,4.00380361343276E-07,5.85,6.14,6.71,0.00226366145244204,7,0
2.87405124245655E-06,4.07298658399766E-06,3.29761473627646E-07,1.45643688729389E-07,4.00380361343276E-07,5.86,6.09,6.71,0.00226366145244204,7,0
2.87673339099695E-08,4.9765003880852E-08,3.30261648553633E-07,3.40051351793455E-08,4.00380361343276E-07,5.87,6.16,6.71,0.00226366145244204,7,0
2.87673339099695E-08,4.9765003880852E-08,3.30261648553633E-07,3.40051351793455E-08,4.00380361343276E-07,5.87,6.16,6.71,0.00226366145244204,7,0
1.22524473541244E-08,2.74538881394406E-10,5.10066894788706E-08,6.64575777722812E-08,8.00240566318371E-11,5.87,6.16,6.71,0.00226366145244204,7,0
6.50344173840807E-08,4.00245264468809E-08,5.10066894788706E-08,6.64575777722812E-08,8.00240566318371E-11,5.88,6.16,6.71,0.00226366145244204,7,0
6.50344173840807E-08,4.00245264468809E-08,1.19955352032312E-08,7.04745551877732E-08,8.00240566318371E-11,5.88,6.21,6.71,0.00226366145244204,7,0
4.45124700632435E-08,2.50085101807971E-08,9.00530819856999E-08,1.06004456282426E-07,8.00240566318371E-11,5.88,6.21,6.71,0.00226419725198701,7,0
4.45124700632435E-08,2.50085101807971E-08,9.00530819856999E-08,1.06004456282426E-07,8.00240566318371E-11,5.88,6.21,6.71,0.00226419725198701,7,0
3.0478594012586E-08,1.998847746163E-08,1.3007076031057E-07,1.18507277592773E-07,8.00240566318371E-11,5.88,6.2,6.71,0.00226419725198701,7,0
3.0478594012586E-08,1.998847746163E-08,1.85624390318246E-07,8.3962047000266E-08,8.00240566318371E-11,5.88,6.21,6.71,0.00226419725198701,7,0
3.0478594012586E-08,1.998847746163E-08,1.85624390318246E-07,8.3962047000266E-08,8.00240566318371E-11,5.88,6.21,6.71,0.00226419725198701,7,0
2.50471272446179E-08,1.50235342385756E-08,7.92487232260451E-09,2.26599814667757E-07,4.99675211112777E-08,5.88,6.33,6.71,0.00226419725198701,7,0
7.80875346430535E-08,5.50545595100615E-08,4.46061207740292E-08,2.21584894399846E-07,4.99675211112777E-08,5.88,6.42,6.71,0.00226419725198701,7,0
1.75107992162919E-08,1.00037664532802E-08,4.46061207740292E-08,2.21584894399846E-07,4.99675211112777E-08,5.89,6.42,6.71,0.00226401669413681,7,0
1.70198451320716E-06,4.45340778744056E-06,3.76847467258418E-07,1.75199972475289E-06,3.79532775454552E-07,4.82,4.18,6.99,-0.00750651890135024,7,0
1.70198451320716E-06,4.45340778744056E-06,3.76847467258418E-07,1.75199972475289E-06,3.79532775454552E-07,4.82,4.18,6.99,-0.00750651890135024,7,0
3.50727973182569E-06,3.30214639515685E-06,1.25581040580249E-07,1.32586620085123E-07,5.00475451679096E-08,5.12,5.52,-0.32,0.012041551335828,7,0
2.38714087149564E-06,3.70254173417338E-06,1.49631279017909E-06,7.2913005913655E-07,3.40297247925755E-07,5.34,4.79,-1.97,0.00105549129596525,7,0
3.17393275879707E-06,2.90326108675606E-06,2.04334091542957E-06,6.88628838145329E-07,2.85335949639894E-07,5.29,4.9,-1.97,0.00105549129596525,7,0
3.37480637585569E-06,3.64762904112327E-06,9.10485128461489E-08,7.35521360766417E-08,2.50127679788686E-08,4.51,5.82,-2.54,-0.00520891898442974,7,0
3.37480637585569E-06,3.64762904112327E-06,9.10485128461489E-08,7.35521360766417E-08,2.50127679788686E-08,4.51,5.82,-2.54,-0.00520891898442974,7,0
3.80459252588924E-06,3.14172795037271E-06,2.49469943100699E-08,3.68366010677E-07,3.00515403649908E-08,5.31,6.09,-2.54,-0.0021625679458426,7,0
3.80459252588924E-06,3.14172795037271E-06,1.05072575252315E-07,7.76004128306699E-08,5.00455421644509E-08,5.31,6.06,-2.54,-0.00209982164229791,7,0
2.9548334876824E-06,3.83660213771893E-06,1.6114861164118E-07,1.35593269214367E-07,4.50427906511186E-08,5.47,5.99,-2.54,-0.00209982164229791,7,0
3.83329997998799E-06,3.18190914548729E-06,2.22317608979212E-08,3.00259508493761E-07,1.00880090213414E-08,5.39,5.29,-4.93,0.00226181240925464,7,0
3.73217357197798E-06,3.31207184886652E-06,3.67467731308997E-07,2.75710544881359E-07,6.99700358155709E-08,5.41,5.37,-4.93,0.00226181240925464,7,0
3.73217357197798E-06,3.31207184886652E-06,3.67467731308997E-07,2.75710544881359E-07,6.99700358155709E-08,5.41,5.37,-4.93,0.00226181240925464,7,0
3.73167329682665E-06,3.31707460037985E-06,6.99760392297497E-07,1.79193680374595E-07,1.40027850900885E-07,5.41,5.45,-4.93,0.00226152414837971,7,0
3.73167329682665E-06,3.31707460037985E-06,6.99760392297497E-07,1.79193680374595E-07,1.40027850900885E-07,5.41,5.45,-4.93,0.00226152414837971,7,0
3.72166378779307E-06,3.32708410941343E-06,6.99760392297497E-07,1.79193680374595E-07,1.40027850900885E-07,5.39,5.45,-4.93,0.00226152414837971,7,0
3.72166378779307E-06,3.32708410941343E-06,7.45301029326729E-07,1.9821507769825E-07,1.45030852701966E-07,5.39,5.5,-4.93,0.00226152414837971,7,0
3.72166378779307E-06,3.32708410941343E-06,7.45301029326729E-07,1.9821507769825E-07,1.45030852701966E-07,5.39,5.5,-4.93,0.00226152414837971,7,0
3.72166378779307E-06,3.32708410941343E-06,7.53299471895801E-07,2.15227186567463E-07,1.40024595782258E-07,5.39,5.49,-4.93,0.00226152414837971,7,0
3.75668655259018E-06,3.29206134461631E-06,7.53299471895801E-07,2.15227186567463E-07,1.40024595782258E-07,5.38,5.49,-4.93,0.00226152414837971,7,0
3.75668655259018E-06,3.29206134461631E-06,7.53299471895801E-07,2.15227186567463E-07,1.40024595782258E-07,5.38,5.49,-4.93,0.00226152414837971,7,0
3.75668655259018E-06,3.29206134461631E-06,7.53299471895801E-07,2.15227186567463E-07,1.40024595782258E-07,5.38,5.49,-4.93,0.00226152414837971,7,0
4.0641519084397E-06,2.88686144567614E-06,1.8012945795885E-07,3.09146401428473E-07,5.50272730533838E-08,5.78,6.02,1.85,0.00226395296322405,7,0
4.0641519084397E-06,2.88686144567614E-06,1.8012945795885E-07,3.09146401428473E-07,5.50272730533838E-08,5.78,6.02,1.85,0.00226395296322405,7,0
4.0641519084397E-06,2.88686144567614E-06,1.2657938583057E-07,5.78904071985926E-07,7.00415366037567E-08,5.78,6.1,1.85,0.00226395296322405,7,0
4.01912489222997E-06,2.95190046909019E-06,4.85086683312486E-08,7.32991343909619E-07,7.00392828865431E-08,5.81,6.03,1.85,0.00226395296322405,7,0
4.01912489222997E-06,2.95190046909019E-06,4.85086683312486E-08,7.32991343909619E-07,7.00392828865431E-08,5.81,6.03,1.85,0.00226395296322405,7,0
4.01912489222997E-06,2.95190046909019E-06,4.85086683312486E-08,7.32991343909619E-07,7.00392828865431E-08,5.81,6.03,1.85,0.00226395296322405,7,0
4.01912489222997E-06,2.95190046909019E-06,4.85086683312486E-08,7.32991343909619E-07,7.00392828865431E-08,5.81,6.03,1.85,0.00226395296322405,7,0
3.96417615387204E-06,3.02166448798976E-06,6.60178348734446E-08,8.60126102281925E-07,7.50507890942276E-08,5.81,6.05,1.85,0.00226395296322405,7,0
3.96417615387204E-06,3.02166448798976E-06,6.60178348734446E-08,8.60126102281925E-07,7.50507890942276E-08,5.81,6.05,1.85,0.00226395296322405,7,0
1.88475058737642E-07,2.53345258543366E-07,5.54754823181723E-08,2.95203327435077E-08,6.00057716038164E-12,5.8,6.06,1.85,0.00226395296322405,7,0
1.88475058737642E-07,2.53345258543366E-07,9.76740679555627E-08,6.28095644320583E-07,4.5039045370274E-08,5.8,5.78,1.85,0.00226395296322405,7,0
1.88475058737642E-07,2.53345258543366E-07,9.76740679555627E-08,6.28095644320583E-07,4.5039045370274E-08,5.8,5.78,1.85,0.00226395296322405,7,0
4.03301650825413E-06,2.92146073036518E-06,5.05824286216474E-07,4.72309580959749E-07,1.30085840335526E-07,5.56,5.2,2.8,0.00206915458226726,7,0
4.03301650825413E-06,2.92146073036518E-06,5.05824286216474E-07,4.72309580959749E-07,1.30085840335526E-07,5.56,5.2,2.8,0.00206915458226726,7,0
2.91506405745149E-06,3.65076692169565E-06,1.24549175270603E-06,9.85425363236717E-07,1.1308625432053E-07,5.44,5.19,2.8,0.00206915458226726,7,0
3.87543771885943E-06,3.1615807903952E-06,8.80201932623996E-07,4.35321631142947E-08,2.00082591428318E-08,5.45,5.72,-7.72,0.00226034671205813,7,0
3.24844906944166E-06,3.80228136882129E-06,3.44578111462189E-09,3.85012447616449E-07,8.01001200167017E-08,5.37,5.27,-7.72,-0.00347052775545926,7,0
3.24844906944166E-06,3.80228136882129E-06,2.89615409157769E-08,1.00344787004304E-06,1.45144401577881E-07,5.37,5.48,-7.72,-0.00347052775545926,7,0
3.24844906944166E-06,3.80228136882129E-06,2.89615409157769E-08,1.00344787004304E-06,1.45144401577881E-07,5.37,5.48,-7.72,-0.00672756278665452,7,0
3.22842847393036E-06,3.80228136882129E-06,2.39585391146962E-08,1.04146384813998E-06,1.45142648862171E-07,5.39,5.53,-7.72,-0.00672756278665452,7,0
3.2239237439639E-06,3.80228136882129E-06,2.39585391146962E-08,1.04146384813998E-06,1.45142648862171E-07,5.38,5.53,-7.72,-0.00672756278665452,7,0
3.2239237439639E-06,3.80228136882129E-06,1.19476291054158E-08,1.0319589723591E-06,1.40138395246598E-07,5.38,5.56,-7.72,-0.00672756278665452,7,0
3.2868796748123E-06,3.75231634433843E-06,1.19476291054158E-08,1.0319589723591E-06,1.40138395246598E-07,5.38,5.56,-7.72,-0.00672756278665452,7,0
3.2868796748123E-06,3.75231634433843E-06,8.24314735974546E-08,9.11340902505495E-07,1.20109872669859E-07,5.38,5.52,-7.72,-0.00672756278665452,7,0
3.41700329224887E-06,3.6021737088347E-06,8.24314735974546E-08,9.11340902505495E-07,1.20109872669859E-07,5.4,5.52,-7.72,-0.00672756278665452,7,0
3.41700329224887E-06,3.6021737088347E-06,8.24314735974546E-08,9.11340902505495E-07,1.20109872669859E-07,5.4,5.52,-7.72,-0.00672756278665452,7,0
3.61962486519263E-06,3.40205363679148E-06,9.19409573664569E-08,1.00189601349251E-06,1.40123132214861E-07,5.44,5.52,-7.72,0.00226317502800835,7,0
3.69920046200961E-06,3.35200609162357E-06,5.59532748875734E-08,9.95369882602677E-07,1.40123132214861E-07,5.46,5.55,-7.72,0.00226317502800835,7,0
3.69920046200961E-06,3.35200609162357E-06,6.84785624126295E-08,6.14422753052119E-07,6.50355288420391E-08,5.46,5.6,-7.72,0.00226317502800835,7,0
3.69920046200961E-06,3.35200609162357E-06,6.84785624126295E-08,6.14422753052119E-07,6.50355288420391E-08,5.46,5.6,-7.72,0.00226317502800835,7,0
3.69920046200961E-06,3.35200609162357E-06,6.84785624126295E-08,6.14422753052119E-07,6.50355288420391E-08,5.46,5.6,-7.72,0.00226317502800835,7,0
6.81711755381555E-07,7.01907952460672E-07,7.29843439785932E-08,1.80276365598063E-08,4.99600179765065E-09,5.5,5.62,-7.72,0.00226317502800835,7,0
6.81711755381555E-07,7.01907952460672E-07,8.14852470389183E-08,8.85543619494274E-08,7.00000343000168E-12,5.5,5.64,-7.72,0.00226317502800835,7,0
7.75150289019427E-07,8.51818006428292E-07,8.14852470389183E-08,8.85543619494274E-08,7.00000343000168E-12,5.51,5.64,-7.72,0.00210229199735972,7,0
7.75150289019427E-07,8.51818006428292E-07,8.14852470389183E-08,8.85543619494274E-08,7.00000343000168E-12,5.51,5.64,-7.72,0.00210229199735972,7,0
3.43261206336515E-06,3.61801009444805E-06,4.65036492208902E-08,4.47593784208128E-07,2.49652538956945E-08,5.59,5.86,-7.72,-0.00518412379874587,7,0
3.51115736106148E-06,3.51683627987019E-06,1.08557772591159E-07,8.10841509642806E-07,4.95550005771774E-09,5.71,5.88,-7.72,-0.00518412379874587,7,0
3.51115736106148E-06,3.51683627987019E-06,1.08557772591159E-07,8.10841509642806E-07,4.95550005771774E-09,5.71,5.88,-7.72,-0.00518412379874587,7,0
3.68818818818819E-06,3.32832832832833E-06,4.51540544031121E-09,2.52675505588048E-09,1.42729156845507E-11,5.84,6.34,-7.72,0.00100678084329989,7,0
3.68818818818819E-06,3.32832832832833E-06,4.51540544031121E-09,2.52675505588048E-09,1.42729156845507E-11,5.84,6.34,-7.72,0.00100678084329989,7,0
3.68197263261992E-06,3.33950339330926E-06,2.44294350914815E-08,3.39928357514989E-08,3.99925088027909E-08,5.89,6.3,-7.72,0.00109166541202297,7,0
3.68197263261992E-06,3.33950339330926E-06,2.44294350914815E-08,3.39928357514989E-08,3.99925088027909E-08,5.89,6.3,-7.72,0.00109166541202297,7,0
3.68197263261992E-06,3.33950339330926E-06,2.44294350914815E-08,3.39928357514989E-08,3.99925088027909E-08,5.89,6.3,-7.72,0.00109166541202297,7,0
1.22607249793285E-07,1.76449343371953E-07,3.29599330553222E-07,2.24570960752179E-07,4.0043006421844E-08,5.77,6.39,-7.72,0.00105781452223019,7,0
3.76858015114359E-06,3.10294780041039E-06,8.61648072560133E-08,8.25509455778333E-07,1.55976651951313E-07,5.8,5.65,-7.72,0.00226149374526174,7,0
3.76858015114359E-06,3.10294780041039E-06,8.61648072560133E-08,8.25509455778333E-07,1.55976651951313E-07,5.8,5.65,-7.72,0.00226151457738219,7,0
3.36185645310967E-06,3.30305786094368E-06,2.7275856770764E-07,1.03873882877046E-06,1.05946633940506E-07,5.61,5.76,-7.72,0.00226151457738219,7,0
3.36185645310967E-06,3.30305786094368E-06,2.7275856770764E-07,1.03873882877046E-06,1.05946633940506E-07,5.61,5.76,-7.72,0.00226151457738219,7,0
3.4522249169915E-06,3.0507587968995E-06,2.87259059854129E-07,9.79727050048946E-07,1.05946633940506E-07,5.61,5.72,-7.72,0.00226151457738219,7,0
3.69445503560418E-06,2.75047352589204E-06,2.87259059854129E-07,9.79727050048946E-07,1.05946633940506E-07,5.61,5.72,-7.72,0.00226151457738219,7,0
3.77338399953664E-06,2.65056344496488E-06,3.87890038287999E-07,9.64714017865473E-07,6.09173649156402E-08,5.62,5.65,-7.72,0.00226151457738219,7,0
3.77338399953664E-06,2.65056344496488E-06,2.28752769707899E-07,8.1008203015292E-07,5.59131113000671E-08,5.62,5.61,-7.72,0.00226151457738219,7,0
3.70331743630157E-06,2.80070608046861E-06,2.28752769707899E-07,8.1008203015292E-07,5.59131113000671E-08,5.59,5.61,-7.72,0.00226122707328892,7,0
3.43258731569906E-06,3.15100383355873E-06,2.6422485291606E-07,6.69706206644392E-08,4.95321959273528E-06,5.49,5.55,-7.72,0.00226122707328892,7,0
3.43258731569906E-06,3.15100383355873E-06,2.6422485291606E-07,6.69706206644392E-08,4.95321959273528E-06,5.49,5.55,-7.72,0.00226122707328892,7,0
4.09343050033313E-07,7.50592895332086E-07,3.7065328520323E-07,1.5615054450049E-07,4.49842555105713E-08,5.32,5.39,-7.72,0.00226081387131562,7,0
7.45624897096643E-07,1.15093319660619E-06,4.13673743412354E-07,1.67157999932242E-07,4.49842555105713E-08,5.25,5.4,-7.72,0.00226081387131562,7,0
7.45624897096643E-07,1.15093319660619E-06,4.20242006150064E-07,1.81169163658662E-07,3.99792505055663E-08,5.25,5.37,-7.72,0.00226081387131562,7,0
9.54683991159233E-07,1.35094337763346E-06,4.20242006150064E-07,1.81169163658662E-07,3.99792505055663E-08,5.16,5.37,-7.72,0.00226081387131562,7,0
8.94623431526321E-07,1.25083076014053E-06,5.37839193423759E-07,2.36709621867965E-07,2.99709931861915E-08,5.13,5.38,-7.72,0.00226081387131562,7,0
4.81744054204254E-07,8.00427896684523E-07,5.37839193423759E-07,2.36709621867965E-07,2.99709931861915E-08,5.15,5.38,-7.72,0.00226081387131562,7,0
4.53598341072491E-08,4.00065061995944E-07,5.37839193423759E-07,2.36709621867965E-07,2.99709931861915E-08,5.16,5.38,-7.72,0.00226081387131562,7,0
4.53598341072491E-08,4.00065061995944E-07,5.5734569016318E-07,2.45213372052976E-07,2.49672403715805E-08,5.16,5.37,-7.72,0.00226081387131562,7,0
4.53598341072491E-08,4.00065061995944E-07,5.5734569016318E-07,2.45213372052976E-07,2.49672403715805E-08,5.16,5.37,-7.72,-0.00661864578042419,7,0
7.20393477316699E-09,3.50017516828034E-07,5.79737549927174E-07,2.43108970467364E-07,4.97522502649358E-09,5.14,5.31,-7.72,-0.00661864578042419,7,0
1.06768809347152E-07,9.97774177004122E-08,5.79737549927174E-07,2.43108970467364E-07,4.97522502649358E-09,5.08,5.31,-7.72,-0.00661864578042419,7,0
1.06768809347152E-07,9.97774177004122E-08,5.79737549927174E-07,2.43108970467364E-07,4.97522502649358E-09,5.08,5.31,-7.72,-0.00661864578042419,7,0
1.06768809347152E-07,9.97774177004122E-08,5.58240241352349E-07,2.42121164931833E-07,2.95294902973734E-11,5.08,5.3,-7.72,-0.00661864578042419,7,0
1.06768809347152E-07,9.97774177004122E-08,5.58240241352349E-07,2.42121164931833E-07,2.95294902973734E-11,5.08,5.3,-7.72,-0.00661864578042419,7,0
4.0638868538887E-07,2.0028520302131E-07,4.30234187957729E-07,2.0358142190273E-07,3.50077813987074E-08,5.06,5.18,-7.72,-0.00661864578042419,7,0
4.0638868538887E-07,2.0028520302131E-07,3.95725946310285E-07,2.04086906166572E-07,4.00137886073578E-08,5.06,5.18,-7.72,-0.00661864578042419,7,0
4.0638868538887E-07,2.0028520302131E-07,3.95725946310285E-07,2.04086906166572E-07,4.00137886073578E-08,5.06,5.18,-7.72,0.00219825108307769,7,0
7.07146016664512E-07,4.95526411810647E-07,3.55700129018108E-07,1.68067697043501E-07,3.50107868062771E-08,5.1,5.18,-7.72,0.00219825108307769,7,0
6.07522275254142E-07,4.40448317654489E-07,3.27147860763417E-07,1.63549670145476E-07,4.00115348901442E-08,5.11,5.2,-7.72,0.00219825108307769,7,0
3.79377475869075E-07,2.70347726020478E-07,3.05090842284987E-07,1.62524615926069E-07,4.00047838744539E-08,5.11,5.23,-7.72,0.00219825108307769,7,0
3.79377475869075E-07,2.70347726020478E-07,2.40528907936922E-07,1.41503094161772E-07,4.00042829732362E-08,5.11,5.25,-7.72,0.00219825108307769,7,0
3.22292619716186E-07,2.90275482798613E-07,2.40528907936922E-07,1.41503094161772E-07,4.00042829732362E-08,5.12,5.25,-7.72,0.00219825108307769,7,0
3.22292619716186E-07,2.90275482798613E-07,1.61603402024355E-07,9.20673367777703E-08,2.50170221449402E-08,5.12,5.28,-7.72,0.00219825108307769,7,0
2.95773029467467E-07,2.65244699351817E-07,1.1856198736524E-07,7.05416342084383E-08,2.00122676281493E-08,5.12,5.28,-7.72,0.00219825108307769,7,0
2.95773029467467E-07,2.65244699351817E-07,1.6608128771681E-07,1.4358328092567E-07,3.00170185384512E-08,5.12,5.31,-7.72,-0.00664333402887923,7,0
3.21519747709866E-06,3.79936927466587E-06,5.22245650697039E-07,7.04107393830204E-07,1.82786216924847E-11,5.69,5.95,-42.66,0.00122898149803002,7,0
3.21519747709866E-06,3.79936927466587E-06,5.22245650697039E-07,7.04107393830204E-07,1.82786216924847E-11,5.69,5.95,-42.66,0.00122898149803002,7,0
3.71658422025683E-06,2.88812272023185E-06,6.26625116864295E-07,1.94749118878617E-06,3.25445934753939E-07,5.83,5.21,2.9,-0.00752070777354016,7,0
3.71658422025683E-06,2.88812272023185E-06,6.26625116864295E-07,1.94749118878617E-06,3.25445934753939E-07,5.83,5.21,2.9,-0.00752070777354016,7,0
3.71658422025683E-06,2.88812272023185E-06,6.26625116864295E-07,1.94749118878617E-06,3.25445934753939E-07,5.83,5.21,2.9,-0.00752070777354016,7,0
3.73873873873874E-07,4.93993993993994E-06,5.47813156822815E-08,2.27495297641814E-06,3.49927297955916E-08,4.87,5.69,-45.52,0.0016496128622464,7,0
3.73873873873874E-07,4.93993993993994E-06,5.47813156822815E-08,2.27495297641814E-06,3.49927297955916E-08,4.87,5.69,-45.52,0.0016496128622464,7,0
5.15545844020021E-07,4.9554485929922E-06,6.49816216386713E-07,2.55918005850389E-06,3.25317286796217E-07,4.76,4.05,-45.52,-0.00166802534338796,7,0
5.15545844020021E-07,4.9554485929922E-06,6.49816216386713E-07,2.55918005850389E-06,3.25317286796217E-07,4.76,4.05,-45.52,-0.00166802534338796,7,0
1.07688264610127E-06,4.85538855697058E-06,2.35983110078383E-07,1.97969225670559E-06,6.505256351047E-08,4.69,5.14,-45.52,-0.00166802534338796,7,0
1.07688264610127E-06,4.85538855697058E-06,2.35983110078383E-07,1.97969225670559E-06,6.505256351047E-08,4.69,5.14,-45.52,-0.00166802534338796,7,0
1.07688264610127E-06,4.85538855697058E-06,2.35983110078383E-07,1.97969225670559E-06,6.505256351047E-08,4.69,5.14,-45.52,-0.00166802534338796,7,0
2.22947761131823E-06,4.47002245917768E-06,2.35983110078383E-07,1.97969225670559E-06,6.505256351047E-08,4.69,5.14,-45.52,-0.00166802534338796,7,0
2.22947761131823E-06,4.47002245917768E-06,2.35983110078383E-07,1.97969225670559E-06,6.505256351047E-08,4.69,5.14,-45.52,-0.00166802534338796,7,0
3.66441544753745E-06,3.35455059643288E-06,1.91597255650743E-07,1.97564035286416E-07,4.65301695388828E-08,5.25,6.96,8.66,-0.00138375039158889,7,0
2.27848101265823E-06,4.43288137289238E-06,7.94914502354574E-08,7.99198180414032E-08,1.02385896364381E-11,4.99,6.24,18.58,-0.00542922758492543,7,0
2.27848101265823E-06,4.43288137289238E-06,7.94914502354574E-08,7.99198180414032E-08,1.02385896364381E-11,4.99,6.24,18.58,-0.00542922758492543,7,0
2.0128896882494E-06,4.28157474020783E-06,2.00582996670008E-08,1.76143288306577E-07,5.50615307869684E-08,4.66,6.2,5.66,-0.00677863507930946,7,0
3.18479984724833E-06,3.84739043074984E-06,6.93001997216747E-08,1.31002077859266E-06,8.49183176090248E-08,5.88,6.15,5.66,0.0409734990565261,7,0
3.18479984724833E-06,3.84739043074984E-06,6.93001997216747E-08,1.31002077859266E-06,8.49183176090248E-08,5.88,6.15,5.66,0.0409734990565261,7,0
3.25987116500019E-06,3.77732386751477E-06,1.598759154529E-07,1.2574820735469E-06,7.49123140068635E-08,5.85,6.1,5.66,0.0409734990565261,7,0
3.30421051771875E-06,3.72935078442184E-06,3.83546573914449E-07,8.12155448111964E-07,4.98948017482825E-08,5.79,6.02,5.66,0.0409734990565261,7,0
3.98661842766842E-06,2.82036684531729E-06,3.46358015637376E-07,2.99588157422029E-07,5.00352851675615E-08,5.33,5.53,5.66,0.00226418177789517,7,0
3.98661842766842E-06,2.82036684531729E-06,3.46358015637376E-07,2.99588157422029E-07,5.00352851675615E-08,5.33,5.53,5.66,0.00226418177789517,7,0
3.19430775048549E-06,3.63462571614614E-06,6.04201239173363E-07,1.31426925828538E-07,8.22716759275223E-08,5.02,5.4,5.66,0.00226418177789517,7,0
3.19430775048549E-06,3.63462571614614E-06,6.04201239173363E-07,1.31426925828538E-07,8.22716759275223E-08,5.02,5.4,5.66,0.00226418177789517,7,0
3.01259414274294E-06,3.8160220672309E-06,6.02673938404537E-07,4.05155133897093E-07,1.12304460726329E-07,5.09,5.34,5.66,0.00226398948209986,7,0
6.57350263445737E-07,5.3411893573435E-07,2.41853300438431E-07,6.01682995537164E-07,5.72696810685504E-08,5.22,4.91,5.66,0.00226398948209986,7,0
6.57350263445737E-07,5.3411893573435E-07,2.41853300438431E-07,6.01682995537164E-07,5.72696810685504E-08,5.22,4.91,5.66,0.00226398948209986,7,0
6.57350263445737E-07,5.3411893573435E-07,2.25846144629991E-07,5.7818548997934E-07,4.22564185186301E-08,5.22,4.98,5.66,0.00226398948209986,7,0
6.57350263445737E-07,5.3411893573435E-07,2.25846144629991E-07,5.7818548997934E-07,4.22564185186301E-08,5.22,4.98,5.66,0.00226398948209986,7,0
2.66270323833832E-06,4.08384487454531E-06,2.00836494633455E-07,7.06764261616568E-07,2.22434100631338E-08,5.26,4.98,5.66,0.00226341886663205,7,0
2.66270323833832E-06,4.08384487454531E-06,2.00836494633455E-07,7.06764261616568E-07,2.22434100631338E-08,5.26,4.98,5.66,0.00226341886663205,7,0
8.90283657215967E-07,7.31808715105352E-07,3.16280662292109E-07,2.06621404715492E-07,5.00099799557848E-08,5.25,5.29,5.66,0.00226341886663205,7,0
8.90283657215967E-07,7.31808715105352E-07,3.16280662292109E-07,2.06621404715492E-07,5.00099799557848E-08,5.25,5.29,5.66,0.00226341886663205,7,0
2.49555343616493E-06,4.29862757398758E-06,5.06979636112626E-07,8.15087511064397E-08,1.00057525123694E-07,5.24,5.07,5.66,0.00226341886663205,7,0
2.49555343616493E-06,4.29862757398758E-06,5.06979636112626E-07,8.15087511064397E-08,1.00057525123694E-07,5.24,5.07,5.66,0.00226341886663205,7,0
4.17522306058171E-07,4.30313279646779E-07,2.8470779735896E-08,1.59681930011834E-08,1.25241611554807E-11,5.24,5.21,5.66,0.00226341886663205,7,0
4.17522306058171E-07,4.30313279646779E-07,2.8470779735896E-08,1.59681930011834E-08,1.25241611554807E-11,5.24,5.21,5.66,0.00226341886663205,7,0
7.13263880831764E-07,7.80604024330586E-07,5.31061929678363E-08,3.04656838001497E-09,1.25241611554807E-11,5.19,5.19,5.66,0.00226302510862742,7,0
8.06344352108616E-07,9.10709612932147E-07,5.31061929678363E-08,3.04656838001497E-09,1.25241611554807E-11,5.19,5.19,5.66,0.00226302510862742,7,0
8.06344352108616E-07,9.10709612932147E-07,5.91082926209848E-08,1.74597039931589E-08,1.25241611554807E-11,5.19,5.17,5.66,0.00226302510862742,7,0
8.95204196075981E-07,9.35640880811775E-07,5.91082926209848E-08,1.74597039931589E-08,1.25241611554807E-11,5.15,5.17,5.66,0.00226302510862742,7,0
8.95204196075981E-07,9.35640880811775E-07,2.20024856240413E-09,1.44920030707285E-08,1.25241611554807E-11,5.15,5.21,5.66,0.00226302510862742,7,0
8.95204196075981E-07,9.35640880811775E-07,2.20024856240413E-09,1.44920030707285E-08,1.25241611554807E-11,5.15,5.21,5.66,0.00226302510862742,7,0
9.35754116255555E-08,3.00969933584016E-08,3.40036324612732E-07,1.97662917509247E-07,5.0042542171962E-08,5.09,5.27,5.66,0.00226302510862742,7,0
9.35754116255555E-08,3.00969933584016E-08,3.40036324612732E-07,1.97662917509247E-07,5.0042542171962E-08,5.09,5.27,5.66,0.00226302510862742,7,0
9.35754116255555E-08,3.00969933584016E-08,3.40036324612732E-07,1.97662917509247E-07,5.0042542171962E-08,5.09,5.27,5.66,0.00226302510862742,7,0
9.35754116255555E-08,3.00969933584016E-08,2.16876428862404E-07,2.24679978022919E-07,1.502402916933E-11,5.09,5.28,5.66,0.00224404455310919,7,0
3.48440210903692E-07,2.50251366509558E-07,3.48648825056792E-07,2.43180350029731E-07,4.50295193376596E-08,5.14,5.27,5.66,0.00224404455310919,7,0
3.48440210903692E-07,2.50251366509558E-07,3.48648825056792E-07,2.43180350029731E-07,4.50295193376596E-08,5.14,5.27,5.66,0.00224404455310919,7,0
5.07622354037733E-07,4.05413780559247E-07,1.1347974975321E-07,4.52840201326849E-07,1.00062539149547E-08,5.17,5.22,5.66,0.00224404455310919,7,0
5.07622354037733E-07,4.05413780559247E-07,1.1347974975321E-07,4.52840201326849E-07,1.00062539149547E-08,5.17,5.22,5.66,0.00224404455310919,7,0
8.18352956859446E-07,6.70612435961535E-07,1.20481979987058E-07,5.47814850044874E-07,4.99609955745453E-12,5.14,5.19,5.66,0.00224404455310919,7,0
8.18352956859446E-07,6.70612435961535E-07,1.20481979987058E-07,5.47814850044874E-07,4.99609955745453E-12,5.14,5.19,5.66,0.00224404455310919,7,0
1.3296330655613E-07,1.43821036148566E-07,1.17106635062372E-07,1.73092978910123E-07,5.00625709524145E-09,5.12,5.82,5.66,0.0184454603748777,7,0
1.3296330655613E-07,1.43821036148566E-07,1.17106635062372E-07,1.73092978910123E-07,5.00625709524145E-09,5.12,5.82,5.66,0.0184454603748777,7,0
1.3296330655613E-07,1.43821036148566E-07,1.17106635062372E-07,1.73092978910123E-07,5.00625709524145E-09,5.12,5.82,5.66,0.0184454603748777,7,0
2.92039378341912E-06,3.81290290340313E-06,4.85198440547504E-08,2.12611232552715E-07,7.0038035272454E-08,4.71,6.13,5.66,0.00226352683501181,7,0
2.92039378341912E-06,3.81290290340313E-06,4.85198440547504E-08,2.12611232552715E-07,7.0038035272454E-08,4.71,6.13,5.66,0.00226352683501181,7,0
2.92039378341912E-06,3.81290290340313E-06,4.85198440547504E-08,2.12611232552715E-07,7.0038035272454E-08,4.71,6.13,5.66,0.00226352683501181,7,0
2.43589906598868E-06,4.21825272095536E-06,2.87051617381358E-07,9.15796426219976E-07,2.33095313754124E-07,5.1,5.69,5.66,0.00226352683501181,7,0
2.39086754392323E-06,4.1982387111485E-06,2.87051617381358E-07,9.15796426219976E-07,2.33095313754124E-07,5.03,5.69,5.66,-0.00750650777916837,7,0
1.79666783409216E-06,4.56796917996698E-06,2.66635901076353E-07,1.05527032026394E-07,4.50147736892416E-08,4.39,5.78,5.66,-0.00661833100358459,7,0
1.79666783409216E-06,4.56796917996698E-06,2.66635901076353E-07,1.05527032026394E-07,4.50147736892416E-08,4.39,5.78,5.66,-0.00661833100358459,7,0
1.79666783409216E-06,4.56796917996698E-06,4.93097492868622E-07,1.21941178992382E-06,3.44662118785215E-07,4.39,4.69,5.66,-0.00661833100358459,7,0
2.82412588960272E-07,4.95867832062227E-06,3.66025730867213E-07,1.54310602949724E-06,3.75799028476639E-07,3.92,4.76,5.66,0.00226263790982118,7,0
2.82412588960272E-07,4.95867832062227E-06,3.66025730867213E-07,1.54310602949724E-06,3.75799028476639E-07,3.92,4.4,5.66,0.00226263790982118,7,0
1.20483501138269E-06,4.55827792022187E-06,5.99314850693929E-07,1.60868917229785E-06,3.90807283016636E-07,4.75,4.4,5.66,0.00226263790982118,7,0
1.88922799819883E-06,4.5829789363086E-06,7.64855660227917E-08,1.61692406947498E-07,1.97365510067347E-08,5.18,6.64,35.58,0.0210036721955294,7,0
1.88922799819883E-06,4.5829789363086E-06,4.61435676141603E-07,9.71001167778325E-08,1.54605218118158E-07,5.18,6.68,35.58,0.0210036721955294,7,0
1.88922799819883E-06,4.5829789363086E-06,4.61435676141603E-07,9.71001167778325E-08,1.54605218118158E-07,5.18,6.68,35.58,0.0210036721955294,7,0
7.60233178918555E-07,4.51371644770729E-06,4.86061945546456E-07,2.19899267786976E-06,1.05177615304598E-07,4.18,4.56,35.58,-0.00679090413934379,7,0
7.60233178918555E-07,4.51371644770729E-06,4.86061945546456E-07,2.19899267786976E-06,1.05177615304598E-07,4.18,4.56,35.58,-0.00679090413934379,7,0
7.60233178918555E-07,4.51371644770729E-06,4.86061945546456E-07,2.19899267786976E-06,1.05177615304598E-07,4.18,4.56,35.58,-0.00679090413934379,7,0
4.54318022615831E-07,4.848393875713E-06,4.28427461019809E-07,4.72856230822781E-07,4.95870833715699E-06,4.57,5.52,18.77,0.00225965718021445,7,0
3.2076799572104E-06,3.8205817910263E-06,1.7017440731897E-07,1.14071417524743E-06,1.5796996902448E-07,4.81,6.05,18.77,0.0012934822819221,7,0
3.2076799572104E-06,3.8205817910263E-06,1.7017440731897E-07,1.14071417524743E-06,1.5796996902448E-07,4.81,6.05,18.77,0.0012934822819221,7,0
2.69633998575773E-06,4.16098306551752E-06,5.58107406579686E-07,1.76849343762504E-06,4.6357543964652E-08,4.86,5.39,18.77,0.00174374160822121,7,0
5.59531554977228E-07,4.29908412992343E-06,3.92752201853017E-07,6.88673374929002E-07,3.00052459511469E-08,4.86,6.67,18.77,0.00174374160822121,7,0
5.59531554977228E-07,4.29908412992343E-06,9.27794325955287E-07,1.80156774427564E-06,5.50456120289135E-07,4.86,3.92,18.77,0.00174374160822121,6,0
5.59531554977228E-07,4.29908412992343E-06,9.27794325955287E-07,1.80156774427564E-06,5.50456120289135E-07,4.86,3.92,18.77,0.00174374160822121,6,0
1.28371953355688E-06,4.64941694609879E-06,1.43142358872163E-07,1.6863965919987E-07,8.00755392479305E-08,4.2,5.92,18.77,0.00174374160822121,6,0
2.4567716141929E-06,4.27786106946527E-06,1.92247263083275E-07,7.29017099668419E-07,4.55276919642553E-07,5.54,5.63,30.67,-0.00668291504372807,6,0
2.4567716141929E-06,4.27786106946527E-06,2.10801929655401E-07,1.14598625202342E-06,4.50273667528679E-07,5.54,5.52,30.67,-0.00668291504372807,6,0
3.44631501326473E-06,3.5971676083447E-06,2.10801929655401E-07,1.14598625202342E-06,4.50273667528679E-07,5.04,5.52,30.67,-0.00668291504372807,6,0
3.44631501326473E-06,3.5971676083447E-06,2.3080116688541E-07,1.08693099772095E-06,4.50273667528679E-07,5.04,5.57,30.67,-0.00668291504372807,6,0
1.89026832198638E-06,4.55546655987185E-06,3.88380704337354E-07,1.43163655793893E-06,2.00087203779409E-07,4.66,4.31,30.67,-0.00668291504372807,6,0
1.89026832198638E-06,4.55546655987185E-06,3.88380704337354E-07,1.43163655793893E-06,2.00087203779409E-07,4.66,4.31,30.67,-0.00668291504372807,6,0
1.89026832198638E-06,4.55546655987185E-06,5.17367381179272E-07,1.0859490191766E-06,5.00096766655833E-08,4.66,4.88,30.67,-0.00668291504372807,6,0
2.51238676742906E-07,4.96972123517341E-06,1.79654407863219E-07,1.81504453952268E-06,4.65395586248311E-06,5.99,7.17,30.67,-0.00668291504372807,6,0
2.51238676742906E-07,4.96972123517341E-06,1.79654407863219E-07,1.81504453952268E-06,4.65395586248311E-06,5.99,7.17,30.67,-0.00668291504372807,6,0
2.4866617371206E-06,3.91822983554892E-06,2.30878176341459E-07,1.3107490561084E-06,4.80410601263326E-06,5.44,6.48,30.67,-0.00668291504372807,6,0
2.17978877821713E-06,4.37959857850743E-06,1.64830566119184E-07,2.43989246621914E-07,9.31871359604194E-08,5.83,6.7,30.67,-0.00668291504372807,6,0
2.13227936762057E-06,4.36261757054233E-06,1.52030354746982E-07,4.07277033534498E-07,1.50107581189522E-07,5.97,6.4,30.67,-0.00668291504372807,6,0
2.13227936762057E-06,4.36261757054233E-06,4.78584050743605E-07,7.86157489857548E-07,1.00142669060728E-07,5.97,5.64,30.67,-0.00668291504372807,6,0
2.87937437136957E-06,3.98564564163924E-06,3.17001217984278E-07,9.47255049474616E-07,1.00142669060728E-07,5.56,5.42,30.67,-0.00668291504372807,6,0
3.05709575902892E-06,3.25191068484939E-06,2.25050877527376E-08,1.14914869127891E-06,4.85285217514283E-06,5.85,6.43,30.67,-0.00668291504372807,6,0
3.05709575902892E-06,3.25191068484939E-06,2.25050877527376E-08,1.14914869127891E-06,4.85285217514283E-06,5.85,6.43,30.67,-0.00668291504372807,6,0
2.43114817205924E-06,4.26637903254136E-06,4.63349525046436E-07,2.76890970192635E-06,1.45160443251844E-07,4.7,5.99,30.67,-0.00668291504372807,6,0
1.92842842842843E-06,4.52452452452452E-06,9.50646460581677E-08,1.40091458663912E-07,5.00325383038448E-08,4.1,5.87,30.67,-0.00668291504372807,6,0
2.13088507529894E-06,4.43788462500625E-06,8.157037705115E-08,2.02509924404334E-09,4.99374608022165E-09,4.26,6.15,30.67,-0.00668291504372807,6,0
3.00835794004304E-06,3.94374655923127E-06,1.89513601991288E-07,1.24739006505965E-06,1.70126364009213E-07,5.1,5.62,30.67,-0.00668291504372807,6,0
3.00835794004304E-06,3.94374655923127E-06,2.72063530315424E-07,1.60019345808767E-06,1.55106842311709E-07,5.1,5.57,30.67,-0.00668291504372807,6,0
3.31005404250964E-06,3.68357744930982E-06,2.72063530315424E-07,1.60019345808767E-06,1.55106842311709E-07,5.4,5.57,30.67,-0.00668291504372807,6,0
3.31005404250964E-06,3.68357744930982E-06,3.53642955700807E-07,1.73682055015353E-06,1.00058549661352E-07,5.4,5.57,30.67,-0.00668291504372807,6,0
3.32857070750814E-06,3.61351439255874E-06,4.05687797512549E-07,1.66525150436898E-06,8.50412798010128E-08,5.51,5.6,30.67,-0.00668291504372807,6,0
3.31856820448167E-06,3.6535154019618E-06,4.05687797512549E-07,1.66525150436898E-06,8.50412798010128E-08,5.56,5.6,30.67,-0.00668291504372807,6,0
3.31856820448167E-06,3.6535154019618E-06,4.05687797512549E-07,1.66525150436898E-06,8.50412798010128E-08,5.56,5.6,30.67,-0.00668291504372807,6,0
3.38162165216589E-06,3.58845033689673E-06,3.80697104336337E-07,1.62529126615765E-06,5.00312682968589E-08,5.56,5.56,30.67,-0.00668291504372807,6,0
3.38162165216589E-06,3.58845033689673E-06,4.72258546200475E-07,1.56626077922403E-06,2.00117556136148E-08,5.56,5.52,30.67,-0.00668291504372807,6,0
3.4797037246326E-06,3.45833422919407E-06,4.04169702136242E-07,5.77122862515059E-07,8.81399688641851E-08,5.54,5.51,30.67,-0.00668291504372807,6,0
5.30890443083425E-07,6.10506150402473E-07,2.09019535898131E-07,2.82854916673039E-07,4.81019327298575E-08,5.52,5.34,30.67,-0.00668291504372807,6,0
5.30890443083425E-07,6.10506150402473E-07,2.09019535898131E-07,2.82854916673039E-07,4.81019327298575E-08,5.52,5.34,30.67,-0.00668291504372807,6,0
5.30890443083425E-07,6.10506150402473E-07,2.64908128725333E-09,2.17816846341959E-07,1.9506224530846E-09,5.52,5.27,30.67,-0.00668291504372807,6,0
2.06170165232668E-07,4.00389595663966E-07,2.64908128725333E-09,2.17816846341959E-07,1.9506224530846E-09,5.49,5.27,30.67,-0.00668291504372807,6,0
2.06170165232668E-07,4.00389595663966E-07,2.64908128725333E-09,2.17816846341959E-07,1.9506224530846E-09,5.49,5.27,30.67,-0.00668291504372807,6,0
1.06653303177333E-07,4.10240845975439E-07,6.07868283788282E-08,1.6222633050646E-08,5.19956629895678E-08,5.4,5.34,30.67,-0.00668291504372807,6,0
2.39729350135042E-07,5.70313147666045E-07,4.97673540243866E-08,3.30387230029846E-09,1.94811782165821E-09,5.39,5.39,30.67,-0.00668291504372807,6,0
2.39729350135042E-07,5.70313147666045E-07,1.347409402654E-07,1.4685534031311E-07,5.19781358324647E-08,5.39,5.43,30.67,-0.00668291504372807,6,0
1.3927423525437E-07,1.51833625014457E-07,1.02707152233419E-07,4.21560287636833E-07,5.19455788792843E-08,5.3,5.48,30.67,-0.00668291504372807,6,0
1.3927423525437E-07,1.51833625014457E-07,8.94346483121126E-07,4.4628797273881E-07,4.89985207040922E-06,5.3,5.71,30.67,-0.00668291504372807,6,0
4.74412775495461E-07,3.96908614961883E-07,8.94346483121126E-07,4.4628797273881E-07,4.89985207040922E-06,5.25,5.71,30.67,-0.00668291504372807,6,0
4.74412775495461E-07,3.96908614961883E-07,5.53447233557033E-07,1.020288937185E-06,8.00147243087417E-08,5.25,5.65,30.67,-0.00668291504372807,6,0
4.96797056491135E-07,1.92306432240265E-07,4.50216979134044E-07,1.11873289244991E-06,2.49646678764242E-08,5.2,5.63,30.67,-0.00668291504372807,6,0
5.2682994056034E-07,2.12325450307429E-07,5.81257851158032E-07,1.05676298968672E-06,2.99696728814292E-08,5.16,5.54,30.67,-0.00668291504372807,6,0
5.2682994056034E-07,2.12325450307429E-07,6.44811472708151E-07,1.02222672799415E-06,8.00172180493388E-08,5.16,5.51,30.67,-0.00668291504372807,6,0
3.59783859508681E-06,3.45224395857307E-06,4.29868278760601E-07,1.2501863218072E-06,3.10290273684689E-07,4.6,5.01,30.67,-0.00668291504372807,6,0
2.34688500506582E-06,4.40298957234943E-06,3.91327256775695E-07,1.82303165604153E-06,2.95278012260249E-07,4.88,4.78,30.67,-0.00668291504372807,6,0
2.75036918608304E-06,4.15268921191691E-06,3.91327256775695E-07,1.82303165604153E-06,2.95278012260249E-07,4.74,4.78,30.67,-0.00668291504372807,6,0
2.75036918608304E-06,4.15268921191691E-06,3.91327256775695E-07,1.82303165604153E-06,2.95278012260249E-07,4.74,4.78,30.67,-0.00668291504372807,6,0
2.75036918608304E-06,4.15268921191691E-06,3.91327256775695E-07,1.82303165604153E-06,2.95278012260249E-07,4.74,4.78,30.67,-0.00668291504372807,6,0
2.75036918608304E-06,4.15268921191691E-06,4.25394853921888E-07,1.85006920416111E-06,2.85272008658088E-07,4.74,4.71,30.67,-0.00668291504372807,6,0
3.72791431002553E-06,3.33350017518394E-06,7.38362709059085E-08,3.54713532963491E-07,5.00582649913033E-08,4.69,5.82,30.67,-0.00668291504372807,6,0
1.061848633809E-06,4.79306293046029E-06,2.16309788804293E-06,1.93636496533712E-06,2.272660470954E-07,4.88,5.85,-0.94,-0.00679115560145893,6,0
2.33111019074316E-06,4.38781978457276E-06,1.80535258674073E-06,1.62266553502882E-06,6.22483909507958E-07,5.06,5.78,-0.94,-0.00679115560145893,6,0
1.77359623661295E-06,4.3739365428886E-06,1.22112682006182E-07,1.65847411385931E-06,1.49611165104723E-07,3.75,3.85,-0.94,0.00111317634936219,6,0
1.77359623661295E-06,4.3739365428886E-06,1.22112682006182E-07,1.65847411385931E-06,1.49611165104723E-07,3.75,3.85,-0.94,0.00111317634936219,6,0
2.28937362417451E-06,4.10246147688613E-06,2.09663289598064E-07,4.12023281894472E-07,3.50235342557189E-08,5.01,6.27,-45.52,-0.00678353469478294,6,0
2.04922953772263E-06,4.46267760656394E-06,2.80321114593812E-07,1.56097099926675E-06,9.71372737754115E-08,5.44,5.17,-45.52,-0.0075969258302205,0,0
4.0419356452985E-06,2.85242456087675E-06,2.24489461721322E-07,1.01502299037494E-06,1.9019665279235E-07,5.24,5.69,-9.58,-0.00679662089893521,0,0
4.11897518651926E-06,2.75164591292793E-06,2.24489461721322E-07,1.01502299037494E-06,1.9019665279235E-07,5.46,5.69,-9.58,-0.00679662089893521,0,0
4.11897518651926E-06,2.75164591292793E-06,2.24489461721322E-07,1.01502299037494E-06,1.9019665279235E-07,5.46,5.69,-9.58,-0.00679662089893521,0,0
4.11897518651926E-06,2.75164591292793E-06,2.78036177733515E-07,1.12409422254666E-06,2.10212916717314E-07,5.46,5.79,-9.58,-0.00679662089893521,0,0
4.1673219421524E-06,2.70450604297097E-06,2.99055222188742E-07,1.12659722615099E-06,2.10212916717314E-07,5.54,5.78,-9.58,-0.00679662089893521,0,0
8.28332602017149E-07,4.8057541310034E-06,9.81902853845768E-07,2.58916592295152E-06,5.32121790838928E-07,5.97,6.6,-7.38,0.00107010761295154,0,0
8.28332602017149E-07,4.8057541310034E-06,9.81902853845768E-07,2.58916592295152E-06,5.32121790838928E-07,5.97,6.6,-7.38,0.00107010761295154,0,0
1.03653038991565E-06,4.70565904066759E-06,1.46764431559193E-07,2.47859892335189E-06,4.0107259603545E-06,6.26,6.82,-7.38,0.00107010761295154,0,0
3.66169701821093E-06,2.70162097258355E-06,9.28467880236712E-07,3.22683110715906E-07,4.90147240622248E-06,5.55,5.59,15.78,0.00125391430708413,4,0
2.72570819651469E-06,3.34312651225101E-06,1.34347529355128E-06,1.69023879115525E-07,3.56026279686485E-07,5.96,5.4,15.78,0.00125391430708413,4,0
3.10810106776578E-06,3.38714787157407E-06,6.67322242588031E-07,4.55851208001439E-07,2.07801807141044E-07,6.11,6.33,15.78,0.00125391430708413,4,0
3.21822220101235E-06,3.31206528072414E-06,2.73119508113229E-07,3.04759551906571E-07,5.77117531086243E-08,6.21,6.29,15.78,0.00113157277515746,4,0
3.71130449157805E-06,2.93590896212533E-06,3.72680839831567E-07,5.28158594236378E-07,4.95206126388604E-06,6.25,5.42,15.78,0.00103881252953261,4,0
3.71130449157805E-06,2.93590896212533E-06,3.72680839831567E-07,5.28158594236378E-07,4.95206126388604E-06,6.25,5.42,15.78,0.00103881252953261,4,0
3.71130449157805E-06,2.93590896212533E-06,3.72680839831567E-07,5.28158594236378E-07,4.95206126388604E-06,6.25,5.42,15.78,0.00103881252953261,4,0
2.82224958602216E-06,3.87346813750919E-06,9.76587956641423E-07,6.13782880760594E-07,7.01435680633522E-08,5.88,6.81,15.78,-0.00677985071994297,4,0
2.82224958602216E-06,3.87346813750919E-06,3.50068690847504E-07,1.23867123199523E-06,2.503201630778E-08,5.88,6.6,15.78,-0.00677985071994297,4,0
2.02897102897103E-06,4.51048951048951E-06,8.82013325193333E-10,2.26410968724248E-08,5.06476197948497E-09,4.69,6.19,-0.03,-0.00452832688637537,4,0
2.02897102897103E-06,4.51048951048951E-06,8.82013325193333E-10,2.26410968724248E-08,5.06476197948497E-09,4.69,6.19,-0.03,-0.00452832688637537,4,0
2.80992232070661E-06,4.10225750110204E-06,3.31774176056923E-07,6.23697621340806E-07,5.49998043664732E-08,4.62,5.18,-0.03,-0.00452832688637537,4,0
2.80992232070661E-06,4.10225750110204E-06,3.31774176056923E-07,6.23697621340806E-07,5.49998043664732E-08,4.62,5.18,-0.03,-0.00452832688637537,4,0
2.80992232070661E-06,4.10225750110204E-06,3.9032604703896E-07,9.40485908500296E-07,4.05414067693019E-07,4.62,4.91,-0.03,-0.00452832688637537,4,0
2.80992232070661E-06,4.10225750110204E-06,3.9032604703896E-07,9.40485908500296E-07,4.05414067693019E-07,4.62,4.91,-0.03,-0.00452832688637537,4,0
2.13316787522375E-06,4.29806958702072E-06,5.39830783500382E-07,2.30468713489906E-06,3.8721469188373E-07,5.32,3.43,-0.03,-0.00452832688637537,4,0
2.13316787522375E-06,4.29806958702072E-06,5.39830783500382E-07,2.30468713489906E-06,3.8721469188373E-07,5.32,3.43,-0.03,-0.00452832688637537,4,0
1.72442262807546E-06,4.24803956900991E-06,9.44731832044798E-07,2.48586253153951E-06,3.8721469188373E-07,5.46,3.44,-0.03,-0.00452832688637537,4,0
1.72442262807546E-06,4.24803956900991E-06,9.44731832044798E-07,2.48586253153951E-06,3.8721469188373E-07,5.46,3.44,-0.03,-0.00452832688637537,4,0
2.95362461524702E-06,3.76138594773818E-06,4.433695309076E-07,1.23241670938271E-06,4.8026836837234E-06,6.18,6.67,-0.03,-0.00452832688637537,4,0
2.95362461524702E-06,3.76138594773818E-06,4.433695309076E-07,1.23241670938271E-06,4.8026836837234E-06,6.18,6.67,-0.03,-0.00452832688637537,4,0
3.25424237873555E-06,3.61415627972168E-06,5.39795648903256E-07,7.19473193205927E-07,1.40120107741944E-07,4.68,5.57,-0.03,-0.00452832688637537,4,0
1.97027324592133E-06,4.47903112801521E-06,9.10241374126117E-08,3.45230251561112E-08,2.00060163356865E-08,4.36,6.11,-0.03,-0.00452832688637537,4,0
1.97027324592133E-06,4.47903112801521E-06,6.50036457524619E-08,4.00309841202595E-08,2.00060163356865E-08,4.36,6.11,-0.03,-0.00452832688637537,4,0
5.15901061270297E-07,4.95371548494082E-06,2.46341962329419E-07,1.97844961055476E-06,2.02863478420153E-07,3.77,4.24,-0.03,-0.00452832688637537,4,0
5.15901061270297E-07,4.95371548494082E-06,2.46341962329419E-07,1.97844961055476E-06,2.02863478420153E-07,3.77,4.24,-0.03,-0.00452832688637537,4,0
2.69941095476744E-06,4.20772227036148E-06,3.941390211492E-07,4.32055333150733E-07,4.95364715696398E-06,4.71,5.72,-0.03,-0.00452832688637537,4,0
2.69941095476744E-06,4.20772227036148E-06,3.941390211492E-07,4.32055333150733E-07,4.95364715696398E-06,4.71,5.72,-0.03,-0.00452832688637537,4,0
7.30651932215375E-07,4.91394116193766E-06,4.75500958369416E-07,4.33924065653259E-07,1.05411661272731E-07,5.82,7.01,-0.03,-0.00452832688637537,4,0
7.30651932215375E-07,4.91394116193766E-06,4.75500958369416E-07,4.33924065653259E-07,1.05411661272731E-07,5.82,7.01,-0.03,-0.00452832688637537,4,0
2.75454508797627E-06,4.15090822592206E-06,4.59968278991891E-07,1.37958785829722E-07,1.001001001001E-07,5.67,6.46,-0.03,-0.00452832688637537,4,0
2.75454508797627E-06,4.15090822592206E-06,4.59968278991891E-07,1.37958785829722E-07,1.001001001001E-07,5.67,6.46,-0.03,-0.00452832688637537,4,0